250
214 230
95 139
237 232
113 35
7 26
136 149
233 118
245 83
209 246
140 146
5 101
115 71
20 248
188 61
144 134
206 118
36 192
25 52
183 0
177 176
42 217
241 188
198 226
119 82
112 43
56 151
127 202
203 170
177 50
176 82
24 204
176 91
71 136
78 184
26 146
130 222
202 210
107 238
76 241
30 134
60 135
23 95
98 9
75 151
181 34
79 14
36 43
12 113
119 59
145 206
35 79
142 79
54 195
225 95
211 160
2 166
83 11
40 49
104 52
108 22
133 115
13 208
30 102
34 240
161 204
205 238
19 120
2 49
231 21
88 238
126 66
59 13
75 128
184 44
232 102
214 215
18 240
44 149
46 79
22 121
245 59
82 32
116 183
204 125
18 96
98 116
43 180
241 34
143 29
42 63
109 162
68 124
201 245
33 14
233 188
130 212
219 24
191 51
20 71
65 231
222 47
240 83
23 85
24 50
141 208
80 201
199 149
144 213
154 7
106 119
42 202
218 171
198 202
236 67
54 176
227 9
218 180
66 150
6 28
123 55
235 107
159 234
72 238
136 241
86 20
52 116
36 28
72 112
164 186
244 66
210 162
74 149
182 100
132 81
166 232
157 174
219 158
12 183
115 28
38 92
213 200
218 40
54 45
196 147
106 55
186 75
103 68
23 48
193 123
43 26
80 164
221 51
174 128
212 2
27 176
242 110
35 58
93 130
210 148
8 190
217 44
121 85
89 123
210 4
144 68
132 112
179 44
188 22
228 67
149 12
17 158
186 88
189 84
77 181
86 248
4 57
115 153
8 176
101 227
245 21
246 75
9 10
69 24
223 109
124 5
207 21
179 48
23 20
12 38
80 154
109 236
183 185
13 21
88 33
16 26
136 91
162 0
81 164
79 231
15 48
11 185
180 152
123 8
235 60
177 226
190 165
43 155
82 74
53 187
24 151
54 12
16 147
47 134
77 135
182 26
178 83
67 234
199 115
1 32
125 175
11 162
97 76
174 198
166 194
71 222
203 103
204 68
121 70
224 144
142 102
138 150
10 202
185 54
111 114
242 216
44 222
213 180
105 238
131 110
226 128
112 106
195 122
158 91
58 153
115 120
170 65
196 212
110 181
131 213
174 193
174 202
249 205
84 147
229 236
243 134
172 92
6 218
149 136
216 46
33 190
125 35
36 97
190 155
45 173
146 76
177 54
2 211
188 249
132 159
104 88
152 146
13 226
27 124
18 182
34 47
48 192
36 236
194 17
43 95
32 95
100 248
195 247
113 65
111 95
114 2
128 184
39 246
11 35
178 32
81 90
207 77
10 48
16 217
39 93
65 2
242 62
134 209
73 113
98 197
216 171
180 96
31 116
32 90
135 173
69 237
133 249
41 184
127 187
172 100
112 235
171 141
156 241
228 19
212 151
22 170
219 208
215 156
32 229
196 170
204 183
10 52
67 205
35 234
93 77
66 60
193 164
32 85
11 151
79 17
248 225
59 48
58 232
216 13
218 184
26 32
153 73
162 51
165 56
198 242
220 1
222 172
58 97
127 38
90 147
1 209
0 101
224 245
67 200
223 11
228 126
157 84
194 222
75 140
38 11
194 240
47 41
94 162
93 166
107 110
53 139
65 104
217 80
120 147
69 83
241 46
60 34
127 24
35 188
196 142
152 135
188 67
173 176
148 3
143 144
167 111
239 130
186 133
16 76
54 188
108 177
139 164
204 132
118 199
164 77
25 17
215 159
244 195
93 44
65 211
92 183
111 196
134 198
95 99
183 221
213 82
225 47
7 224
244 60
95 108
30 207
119 74
37 130
135 9
183 95
187 56
47 143
71 119
236 177
180 44
140 227
175 194
87 90
26 223
4 83
57 238
35 61
147 113
41 141
171 89
65 98
223 117
66 170
33 231
93 16
149 204
161 178
22 230
83 97
4 42
229 151
66 26
220 93
64 74
88 41
127 121
21 158
200 111
65 66
168 149
44 141
237 29
121 74
239 209
187 28
138 190
144 84
8 62
225 167
131 123
217 163
92 159
95 66
217 190
244 18
40 139
133 178
115 142
99 45
36 7
133 196
163 66
31 157
82 239
149 140
146 242
32 131
248 33
217 64
67 107
172 123
231 120
6 20
176 50
18 92
110 77
78 143
190 195
83 69
157 18
217 167
3 207
24 1
208 109
178 59
86 232
80 170
131 154
18 195
77 12
217 50
246 86
114 177
223 93
15 64
221 169
241 245
144 65
2 219
85 6
156 57
169 14
121 212
0 160
128 89
38 34
152 28
39 169
35 117
31 165
67 97
166 219
135 213
6 239
35 135
42 40
143 244
225 152
75 55
60 66
214 142
249 109
223 209
55 216
188 99
62 121
139 84
63 202
23 129
208 202
5 13
246 76
123 243
118 137
34 162
226 94
93 220
225 138
11 38
202 145
158 57
231 190
184 204
38 159
112 108
44 62
69 146
75 77
35 242
115 131
208 188
111 8
82 210
240 140
152 27
135 194
161 103
204 83
228 13
76 135
8 28
199 233
41 34
65 162
15 143
170 26
87 28
85 247
199 80
41 70
218 93
215 195
128 38
30 149
28 216
131 201
9 212
184 64
54 125
239 170
58 6
52 182
4 142
156 1
36 94
17 90
234 195
22 186
170 21
59 181
179 97
207 79
118 1
172 210
179 106
67 212
86 45
15 3
174 176
138 101
31 127
